./tags/8.jpg: 364.75,355.5|367,356
./tags/9.jpg: 495.25,343.0|496,345
./tags/14.jpg: 775.0,351.0|775,354
./tags/15.jpg: 398.75,344.0|400,345
./tags/17.jpg: 578.5,341.5|580,544
./tags/16.jpg: 447.75,354.75|449,356
./tags/12.jpg: 633.75,341.25|635,342
./tags/13.jpg: 654.25,341.75|656,342
./tags/11.jpg: 578.0,342.0|580,344
./tags/10.jpg: 530.5,342.5|532,344
./tags/21.jpg: 590.5,342.25|590,344
./tags/20.jpg: 720.0,352.25|719,353
./tags/18.jpg: 711.0,352.25|711,354
./tags/19.jpg: 843.5,340.75|843,341
./tags/4.jpg: 786.25,351.5|787,354
./tags/5.jpg: 786.0,351.25|787,352
./tags/7.jpg: 592.5,353.5|594,355
./tags/6.jpg: 593.0,353.5|594,354
./tags/2.jpg: 424.5,344.25|426,345
./tags/3.jpg: 558.75,354.0|561,354
./tags/1.jpg: 542.0,343.25|543,345
